LL_4	LL_5	LL_6	HL_4	HL_5	HL_6
Arginine	0.780096248392399	1.21421872151588	1.00568503009172	0.803662519091213	0.767581737946026	1.6181141070995
Glutamine	0.922554118240961	1.0286509433747	1.04879493838434	1.03523595582872	0.690715692117097	1.04372460305671
Asparagine	0.774188380337136	1.17687544938471	1.04893617027816	1.10984949653324	1.14121595886112	1.64776602582308
Alanine	0.684004986495898	1.26203517009954	1.05395984340456	1.05379427020599	0.715398403771496	1.51957611543621
Serine	0.843383343349152	1.14168000095983	1.01493665569102	1.06440825406157	1.10350530037642	1.65539266764157
Threonine	0.834570865941707	1.06116087582848	1.10426825822981	1.36838384326861	1.17196146394995	1.83936374946759
Histidine	0.745288882076227	1.24433564228864	1.01037547563513	1.75519106637275	2.32080774905771	3.12791327177554
Sucrose	0.759624309346317	1.18478502730739	1.05559066334629	0.911674042600676	0.75902212359642	1.61306699908921
Valine	0.819094261663742	1.16955027500271	1.01135546333355	0.823188268245345	0.840892981869658	1.31412360352567
Methionine	0.67778470757305	1.22754256368544	1.09467272874151	1.12793679256986	1.10811426190564	1.94446931271654
Tyrosine	0.845881000238127	1.15579131396086	0.998327685801016	1.27001211461507	1.14921429784852	1.50380319290371
Leucine.Isoleucine	0.729630732530178	1.21048041322543	1.0598888542444	1.10503775889485	0.971722466573108	1.62353064305365
Phenylalanine	0.655206952715514	1.25138725862067	1.09340578866382	1.61309271356691	1.80593705075509	2.565147837895
Aspartic	0.497830651864594	1.2978819509071	1.20428739722831	0.601073254715082	0.447921995828428	0.669389148708608
Glutamic	0.60407501635105	1.26985611020369	1.12606887344526	1.21103925918782	1.04038109470844	1.57770264889896
Tryptophan	0.82058929327684	1.30327977022546	0.876130936497697	3.97639502349827	3.83187434811218	4.53775015665094
GAP	0.775556855766918	1.27139954114545	0.95304360308763	0.720908801577769	0.91047988315789	1.36241714309821
NAD	0.590056458012539	1.26297490574788	1.14696863623958	1.46490715458302	1.01538687496255	2.16770690341614
Sucrose6P	0.460881213680725	1.20127514007837	1.3378436462409	1.34379539611793	0.506843991756798	0.602694506297395
Fructose6P	0.689729186654383	1.33169647149157	0.978574341854049	0.586290049915592	0.910285361931925	1.46880620030297
Ribulose5P	0.685814895127665	1.43878001919381	0.875405085678522	0.475139369829829	2.1253827696897	2.34866053597972
AMP	1.04830029509388	1.09201914775161	0.859680557154513	1.02679982857782	1.19553400774774	1.38158076894263
UDPG	0.750568452931416	1.3276433510695	0.921788195999084	0.954355636867935	0.839835648825903	1.24224797466871
X3PG	0.522113554909191	1.49789182283594	0.979994622254867	0.654830315161698	0.933282273078637	2.13486551169595
PEP	0.689063472764512	1.34893262283955	0.962003904395934	0.832887562566521	1.16094602168613	2.78885268476555
UDP	0.595456771982869	1.33333433770697	1.07120889031016	0.847658082967005	0.834278828399291	1.73731768409546
GDP	0.644318175648225	1.37559133813985	0.980090486211927	0.750427272717768	0.682644280167523	1.72517013010925
NADH	0.361468543199604	1.33342619366269	1.30510526313771	1.06904162356328	0.714338217201377	1.64792257633902
NADP	0.643019321359389	1.42685536738277	0.930125311257838	0.528263614417316	0.42963932135477	0.879092238899735
ADP	0.613314723617344	1.43997311520302	0.946712161179632	0.705119139107072	0.694072190057622	1.35765079468193
Fructose16P	0.71283376948673	1.3952773107422	0.891888919771072	0.399241481161024	0.244197415442631	0.564711946148667
UTP	0.556980367419992	1.42745120788579	1.01556842469422	0.61071127906504	0.491141065032869	0.921068313876469
GTP	0.578716592092248	1.44717401057479	0.974109397332967	0.592091577844173	0.529368195363212	1.03022064137071
ATP	0.565081309502865	1.41245536596728	1.02246332452986	0.644329166185283	0.520429341034785	0.914296405698812
NADPH	0.496933781320466	1.38931271305296	1.11375350562657	0.367556017966056	0.454238141993465	0.588563782492781
AcCoA	0.590863053299789	1.37263488480676	1.03650206189345	1.13406679092025	0.822255648448628	2.00934118712868
Glucose6P	0.71783045389486	1.30662259368517	0.975546952419968	0.660279965726344	1.03245178839004	1.3876721802626
Glucose1P	0.759704667623468	1.25697744342277	0.983317888953757	0.772652584982183	1.09663108772231	1.33470974261663
Succinic	1.16468902731399	0.967697190303112	0.867613782382902	1.52059621256149	1.45985481611297	1.56720129387454
Oxaloacetic	0.706908569178754	1.4811451237337	0.811946307087546	0.864483481872874	0.829631093008987	1.04746934179179
Fumaric	0.728121837618653	1.24915904042418	1.02271912195717	0.992334567540696	1.13065429810379	1.29561500445116
Malic	0.711026324945827	1.19435442197142	1.09461925308275	1.02730760625118	1.04037858230734	1.57341057700077
a.ketoglutaric	0.667302689110078	1.36162780053839	0.971069510351527	1.96090370943663	3.36109725074121	4.76828504323697
ADPG	0.423322869798576	1.40274526982389	1.17393186037754	1.96054641285427	1.79466318652577	2.81776011352203
GG	0.800913392411955	1.1819757855732	1.01711082201485	0.781560178557432	0.647544570070144	1.25301037585454
GSSG	1.0605096543412	1.01557899721904	0.923911348439766	0.754425421943922	0.963995242814332	0.801888729877922
Citrulline	0.857967081287594	1.16879235763688	0.973240561075525	2.13712150505994	0.833880513098309	1.19473105403733
CoA	0.467515100376967	1.43580444529862	1.09668045432441	0.282249820350638	0.337398543843606	0.522325860710712
Erythrose4P	0.697197671516329	1.34679598572901	0.956006342754662	0.64730557185515	0.879304839249064	1.41140668008869
Ribose5P	0.69996229005241	1.41589289984239	0.8841448101052	0.490088359226508	2.26337351400074	2.39881890806479
X6phosphogluconic	0.926860950162977	1.18327234979462	0.889866700042399	1.13104914288064	0.599358502941814	0.661155127151568
Glucose	0.828870823230748	1.23253734183274	0.938591834936514	1.41776957671568	1.05577626639461	1.7836060254657
Sedoheptulose7P	0.757193724128845	1.33745147829814	0.905354797573017	0.647067876933194	1.45684068961385	1.672556913478
Piruvic	0.77713563413415	1.24611388719119	0.976750478674656	0.817543083849045	1.09077417972418	1.44991571330349
Isocitric	0.713520046088879	1.24877715362108	1.03770280029004	0.924332292028727	0.857511790788872	1.57516334263752
