LL_1	LL_2	LL_3	HL_1	HL_2	HL_3
Arginine	1.47223473454505	0.781610026698869	0.746155238756077	1.08361762853296	0.851281612187438	0.791439778550038
Glutamine	1.13817736712583	0.879345405297454	0.982477227576712	0.78650467614544	0.667258801315336	0.563666574485577
Asparagine	1.32013989543324	0.849439058485192	0.830421046081565	1.28906093607625	0.926209295940061	0.810914690354451
Alanine	1.40284821323111	0.685142379183546	0.912009407585348	1.41584782908202	0.890128847984766	1.02921148048239
Serine	1.39395459009856	0.791195731169984	0.81484967873146	1.20452443049377	0.901025820802623	0.688794110426033
Threonine	1.30777425846729	0.803266442561169	0.888959298971542	1.06862466057385	0.948953320531563	0.782455028887893
Histidine	1.34455978770593	0.846066416470706	0.809373795823362	1.53811337374834	1.27889182183832	1.10340732235985
Sucrose	1.32989782508146	0.788153952193878	0.881948222724662	1.20288414030483	0.968181096090155	0.842122303324314
Valine	1.7096379987107	0.66450229765055	0.625859703638747	1.10352557725846	0.639511396242753	0.557705761875507
Methionine	1.57322986891748	0.701701281707329	0.725068849375192	0.90065742540235	0.644568452234851	0.607312145285929
Tyrosine	1.60189005796727	0.672848041934307	0.725261900098428	1.25972808916188	0.834505774992039	0.722492627698127
Leucine.Isoleucine	1.91940652228091	0.544763164928123	0.535830312790964	1.07134245718825	0.525394096654584	0.427855150299345
Phenylalanine	1.53881428568901	0.732104755507589	0.729080958803402	1.06922898206294	1.03939434591098	1.1968142012282
Aspartic	1.5574289290917	0.749114618794254	0.693456452114051	1.28399740911979	0.710390573525244	0.410339699173924
Glutamic	1.35337637046121	0.816314920335846	0.830308709202941	1.12708583529022	0.890244356419861	0.72672883028776
Tryptophan	1.08490829942584	0.966339240322967	0.948752460251196	2.28794511684139	2.00184598704639	1.88893267444046
GAP	1.283572514572	0.860359018287688	0.856068467140314	1.62409956612645	1.28553835028337	1.08363614342953
NAD	1.74769747507579	0.577052016109368	0.675250508814839	1.52703129391173	0.843791712301278	0.70231802201074
Sucrose6P	1.1307696539063	0.817207302791739	1.05202304330196	1.28127444562507	1.15718893559039	1.10028760806027
Fructose6P	0.977181197592101	0.910937488999159	1.11188131340874	0.730846761780981	1.12575734252588	1.00231568265715
Ribulose5P	1.26560931763266	0.841946369139864	0.892444313227472	1.11032685909357	1.39027400032126	1.12441050314076
AMP	1.15587498087588	0.971597093777898	0.872527925346227	1.99359998706629	1.98125829110541	1.21284156401567
UDPG	1.12325536216961	0.848727764435913	1.02801687339447	0.958611076456967	1.00442675245297	0.788958205712305
X3PG	1.00081880711732	1.0351131116881	0.964068081194577	0.486427793423125	0.637365031435944	0.354851086261195
PEP	1.21322793331891	0.843268801238623	0.943503265442468	0.377425905355265	0.408741417096545	0.485852308253687
UDP	1.10013262634317	1.11963569195757	0.780231681699262	1.04312233175571	0.66898468039326	0.625757659072536
GDP	0.912102892238598	1.25344074369564	0.834456364065758	2.25564044142692	0.822736363971093	0.528898897304379
NADH	1.57556994419833	0.628390821022408	0.796039234779263	1.92490322544779	0.831390581241555	0.803597174980808
NADP	1.285227303861	0.975955660756446	0.738817035382554	0.981084911395998	0.626921049365052	0.417395001283509
ADP	1.13207813859429	0.988065953517631	0.879855907888074	1.23006993023627	0.915380941691923	0.620245752555441
Fructose16P	1.30411212916836	0.958196446908595	0.737691423923044	4.29685391259239	1.63475933428651	0.960956838414162
UTP	1.34171358306757	0.859590206645605	0.798696210286826	0.900408723401483	0.551084557430773	0.439457533351282
GTP	1.26505811586306	0.950819948143597	0.78412193599334	1.53705445224599	0.772214698740805	0.451391443260787
ATP	1.28179329445433	0.901432608688982	0.816774096856685	0.814302944335618	0.568244447354434	0.457200321045932
NADPH	1.36484400926331	0.840630975804452	0.794525014932243	0.890334360737802	0.649390670697625	0.472984367239039
AcCoA	1.24114146269995	0.868966065007222	0.889892472292825	1.43780220129917	0.846009106190773	0.630951083134127
Glucose6P	1.08166872550743	0.901418581887749	1.01691269260482	0.906779557529615	1.09077856860116	1.05767317253589
Glucose1P	1.1055013561941	0.871338692487921	1.02315995131798	1.3264939718393	1.24096201542897	1.08495005095334
Succinic	1.41580207033026	0.782372306727141	0.801825622942597	1.90455882984227	1.00047168634585	1.35531431781781
Oxaloacetic	1.81482654100318	0.626633898901756	0.55853956009506	0.975784584408549	0.813399541490336	0.617014803804809
Fumaric	1.05050374632133	0.920012887048206	1.02948336663047	1.13161910543252	1.09101420075323	0.985265438405124
Malic	1.05520826291311	0.912591731162343	1.03220000592455	1.15387967906482	1.07184073215827	0.994476475882792
a.ketoglutaric	0.879329320346928	1.01094943417199	1.10972124548109	0.795400214171674	1.27902332580137	1.36290762187472
ADPG	1.59083144987165	0.703471812008185	0.705696738120166	2.6982368172421	0.942026704149519	1.2602686369324
GG	1.23979581103507	0.859977373112885	0.900226815852042	0.996459453991898	0.863823264317283	0.773810374545299
GSSG	0.986638148020463	0.957393870249258	1.05596798173028	1.15945774126352	1.36941627039778	1.07035321615562
Citrulline	1.43642481581354	0.567669983368675	0.995905200817786	1.71547454965078	0.887078372324601	1.03624306430893
CoA	1.21578145005038	0.937226773019349	0.846991776930269	2.2774815626094	1.08707710301913	0.866903360632632
Erythrose4P	1.09003403299431	0.916064754626229	0.993901212379458	1.14972684366486	1.16075171161573	1.10359982510863
Ribose5P	1.2216347516006	0.866539497204097	0.911825751195305	1.22498807679369	1.2367291442827	1.03463123963733
X6phosphogluconic	0.9470136979469	1.0280016893618	1.0249846126913	0.877719272825592	0.575429724023542	0.576550635805051
Glucose	1.36274415037093	0.824939565828974	0.812316283800101	1.31326761853214	1.09032875494918	0.899230731438519
Sedoheptulose7P	0.909201008232861	0.90148485453793	1.18931413722921	0.335135715978707	0.652195636263272	0.673022949236354
Piruvic	1.32623485404146	0.859562009879803	0.814203136078742	0.872140170005022	0.916214889653683	0.962932879717665
Isocitric	1.65474639014441	0.646645519502711	0.698608090352877	1.26041288700789	0.822171430177015	0.472322671704184
